724

vaunnam, P. Francken-de, S. J.‚
459·

lumcts

Vmcx, P. Antonius, S. J.‚ 3⁶7.
V1OLA‚ Ρ. Joanneo Bta„ S. J.‚ 311.

1v ⁹

LOCI UNDE EPISTOLAE MISSAE SUNT

Αο014, 537.
1111011000, 112, 254, 435, 467, 471,

1341101οο, 336, 388, 436, 533, 553,
658, 708.

1343340011, 58.

Rasna, 71, 88, 89, 109, 114, 148,
152, 154, 165, 182, 185, 186, 188,
199,194,195, 197, 198, 199, 291,
210, 225, 228, 261, 308, 315, 317,
338, 369, 384, 423, 431, 453·

8113004, 269, 367, 510, 511.

13000014, 146, 222, 290, 299, 302,
330, 691.

31140000, 304.

301161 (Burgos), 21, 106, 132, 282,
324, 499, 421, 439, 468, 478, 599,
539, 576, 577, 611, 625, 649, 642.

(3408404000314, 219,427, 448, 481.

0411141114, 394.

CARDO, 343, 345.

euronotum, 127.

0010014 Αο111119104, 95, 125, 230,
276, 581.

0001110100, 67, 81, 111, 120, 139,
274, 349, 353, 497, 459, 656, 665,
671.

0000114, 419.

0000101004, 52, 130, 155, 176, 178,
266, 297, 328, 711.

Gonnum, 539, 570, 704.

0111114004, 334, 380, 382, 386.

Cusum, 433.

8110114, 19, 278, 322, 372, 411, 507,
646.

81114 011 tos CABALLBROS, 450.

Evaunum, 512, 613.

Famam, 208, 286, 434.

Ρ101100114, 31 1 .

6041101011, 181.

1011401011, 257, 558.

1004, 580, 685.

1041101011, 212, 246, 288.

Μεεε404, 103, 489, 520, 523, 569,
695, 615, 623, 661, 678, 682, 684,
700, 703.

ωτι-1111104 Cum, 429.

Mons RBGALIS, 346, 484.

11011011οῐ011, 119, 413, 552, 565, 632,
633, 635.

Μο1104, 475, 687..

Nmpoms, 150, 673, Ι676.

Novum, 145.

00041011, 122, 207, 284.

01131120, 25, 31, 46, 64, 99, 100, 101,
203, 205, 224, 320, 355, 361, 396,
499, 516, 652, 713·

0111011400, 91, 98, 160.

08114 1101111104, 136.

Ρ40010103, 134, 236, 293, 400, 402,

Panum, 77, 97, 255, 441, 446-

Rom, 234.

8400103 0010004003, 62.

8400103 Fssux (San Fins), 375, 464.

Τ1ἒ1111, 24, 264, 532, 569, 582, 641,

ν41110114 Εο11140011011, 318, 587,

639, 694, 710.

ν4111301111011, 102, 135, 526, 555,

561, 567, 599, 594, 697, 639·
Vnum-mn, 341 .
vunnu Ausnuu, 142, 403, 584,
588, 648.
vannum-un, 416, 455.

